%YAML:1.0
---
H: !!opencv-matrix
   rows: 3
   cols: 3
   dt: d
   data: [ 0.21783151231288286, -0.0094292977937264176,
       -5.0874744916608199, -0.0035243549964312656, 0.27420863972233417,
       -10.331819434538021, -4.004948859581078e-06,
       -2.6209190873481276e-05, 1. ]
