%YAML:1.0
---
H: !!opencv-matrix
   rows: 3
   cols: 3
   dt: d
   data: [ 0.76184568790759111, 0.026422393800263781,
       -284.19926771563257, -0.018208300861272318, 0.85579014047980162,
       -18.900216294000771, -1.5675451877723199e-05,
       1.4471167709657947e-05, 1. ]
