%YAML:1.0
---
H: !!opencv-matrix
   rows: 3
   cols: 3
   dt: d
   data: [ 0.95372006717854729, -0.015860089808955983,
       -784.13447088730538, -0.0053226134906294818, 0.94210258784144973,
       -41.7825159014428, -2.3485585057607168e-05,
       -1.5514882808156524e-05, 1. ]
