%YAML:1.0
---
H: !!opencv-matrix
   rows: 3
   cols: 3
   dt: d
   data: [ 0.059685459558080696, 1.3458108461644636, -555.69473253459171,
       -1.2487077068958865, 0.019602946733060303, 1792.5463772271344,
       1.2308876397015917e-05, -4.3608927820713942e-05, 1. ]
