%YAML:1.0
---
H: !!opencv-matrix
   rows: 3
   cols: 3
   dt: d
   data: [ 1.3611970596751113, 0.079112307741800378, -357.47128936390959,
       -0.0024560258600316923, 1.5472962918197084, -68.98976640827857,
       -3.1496290931062124e-05, 5.6846713445419283e-05, 1. ]
