%YAML:1.0
---
H: !!opencv-matrix
   rows: 3
   cols: 3
   dt: d
   data: [ 1.2986600158390786, -1.1386801588154249, -274.42191827451683,
       -0.036187342849666994, -1.1127607926272913, 205.64362257895021,
       -3.3715582640647092e-05, -0.002579136522697598, 1. ]
