%YAML:1.0
---
H: !!opencv-matrix
   rows: 3
   cols: 3
   dt: d
   data: [ 1.0161608462827911e+00, 1.1720424985961410e-03,
       -4.0705035976241923e+00, -1.1733943299741863e-03,
       1.0149860954275804e+00, -5.0702368998179317e+00,
       -1.3334026476979657e-06, -3.0776779713334978e-09, 1. ]
